CLASSIFICATION REPORT 

         precision  recall     f1-score   support 
Digit 0  0.951533  0.981633  0.966349  980 
Digit 1  0.973753  0.980617  0.977173  1135 
Digit 2  0.948744  0.914729  0.931426  1032 
Digit 3  0.931480  0.928713  0.930094  1010 
Digit 4  0.925224  0.945010  0.935013  982 
Digit 5  0.928981  0.909193  0.918980  892 
Digit 6  0.933131  0.961378  0.947044  958 
Digit 7  0.947628  0.932879  0.940196  1028 
Digit 8  0.919140  0.921971  0.920554  974 
Digit 9  0.936492  0.920714  0.928536  1009 


Final Accuracy: 0.940300 - Samples: 10000